%YAML:1.0
channel:0
times:1000
M1: !!opencv-matrix
    rows: 3
    cols: 3
    dt: d
    data: [ 442.1377420543639, -0.9867574813178, 360.1729001528866,
        0.0000000000000, 428.2720545703061, 260.4328497999990, 0.0000000000000,
        0.0000000000000, 1.0000000000000]
D1: !!opencv-matrix
    rows: 1
    cols: 5
    dt: d
    data: [ -0.4102409046626, -0.0250304264548, 0.0022579879639,
        -0.0101551131723, 0.2523036747855]
M2: !!opencv-matrix
    rows: 3
    cols: 3
    dt: d
    data: [ 440.7092003792211, -1.0752139541554, 366.2207300547183,
        0.0000000000000, 427.1986109226779, 266.8468028431591, 0.0000000000000,
        0.0000000000000, 1.0000000000000]
D2: !!opencv-matrix
    rows: 1
    cols: 5
    dt: d
    data: [ -0.3940088052538, 0.0920320634951, 0.0001140448874,
        -0.0063714403600, 0.0290176000646]
R: !!opencv-matrix
    rows: 3
    cols: 3
    dt: d
    data: [ 0.9997235622237, 0.0010941053892, 0.0234862101708,
        -0.0007232707603, 0.9998750345709, -0.0157921537882, -0.0235005534870,
        0.0157708013513, 0.9995994226742]
T: !!opencv-matrix
    rows: 3
    cols: 1
    dt: d
    data: [ -57.9734164229494, 0.1450387745314, 0.3538458663636]
